4
0,0
0,1
1,1
1,0
1
4 0 3 2 1
199999999999999999999999999999999999999999999999999999999999999999999999999999999999999999999999999990,199999999999999999999999999999999999999999999999999999999999999999999999999999999999999999999999999990
199999999999999999999999999999999999999999999999999999999999999999999999999999999999999999999999999991,199999999999999999999999999999999999999999999999999999999999999999999999999999999999999999999999999990
199999999999999999999999999999999999999999999999999999999999999999999999999999999999999999999999999991,199999999999999999999999999999999999999999999999999999999999999999999999999999999999999999999999999991
199999999999999999999999999999999999999999999999999999999999999999999999999999999999999999999999999990,199999999999999999999999999999999999999999999999999999999999999999999999999999999999999999999999999991
