34
3/16,0
1/16,1
1/16,0
1/4,1
15/16,0
13/16,0
5/16,0
15/16,1
1/2,0
0,1
3/8,1
1/8,0
1/2,1
1,1
7/8,0
3/16,1
3/8,0
1,0
3/4,0
1/4,0
5/16,1
7/8,1
3/4,1
7/16,1
9/16,0
13/16,1
5/8,0
5/8,1
7/16,0
11/16,1
1/8,1
11/16,0
0,0
9/16,1
16
4 4 17 13 7
4 14 4 7 21
4 5 14 21 25
4 18 5 25 22
4 31 18 22 29
4 26 31 29 27
4 24 26 27 33
4 8 24 33 12
4 28 8 12 23
4 16 28 23 10
4 6 16 10 20
4 19 6 20 3
4 0 19 3 15
4 11 0 15 30
4 2 11 30 1
4 32 2 1 9
-888888881,1/16
-888888880,1/16
-888888881,1/16
-888888880,0
-888888881,1/16
-888888881,1/16
-888888881,1/16
-888888880,1/16
-888888881,0
-888888880,0
-888888880,0
-888888881,0
-888888880,0
-888888880,0
-888888881,0
-888888880,1/16
-888888881,0
-888888881,0
-888888881,0
-888888881,0
-888888880,1/16
-888888880,0
-888888880,0
-888888880,1/16
-888888881,1/16
-888888880,1/16
-888888881,0
-888888880,0
-888888881,1/16
-888888880,1/16
-888888880,0
-888888881,1/16
-888888881,0
-888888880,1/16
