18
1/4,1
1/2,0
0,1
3/8,1
1/8,0
1/2,1
1,1
7/8,0
3/8,0
1,0
3/4,0
1/4,0
7/8,1
3/4,1
5/8,0
5/8,1
1/8,1
0,0
8
4 7 9 6 12
4 10 7 12 13
4 14 10 13 15
4 1 14 15 5
4 8 1 5 3
4 11 8 3 0
4 4 11 0 16
4 17 4 16 2
-9999999999999999998,0
-9999999999999999999,0
-9999999999999999998,0
-9999999999999999998,1/8
-9999999999999999999,1/8
-9999999999999999998,0
-9999999999999999998,0
-9999999999999999999,1/8
-9999999999999999999,1/8
-9999999999999999999,0
-9999999999999999999,0
-9999999999999999999,0
-9999999999999999998,1/8
-9999999999999999998,0
-9999999999999999999,1/8
-9999999999999999998,1/8
-9999999999999999998,1/8
-9999999999999999999,0
