49
1,1/6
1/2,5/6
1/3,1/2
1,1/2
5/6,0
1/3,1
1/6,0
5/6,1/3
2/3,1
2/3,5/6
5/6,1
1/3,1/3
5/6,5/6
1/6,1/2
1/2,1/6
1/2,1/2
2/3,1/2
1/6,5/6
1/2,0
1/3,2/3
2/3,1/3
0,1
5/6,2/3
2/3,2/3
0,1/6
0,2/3
1/6,1/3
5/6,1/2
0,1/2
1/2,1
1,1
1,2/3
1/3,0
1,0
5/6,1/6
1,5/6
1/6,2/3
0,1/3
0,5/6
1/6,1
2/3,1/6
1/3,5/6
2/3,0
1/2,1/3
1,1/3
1/2,2/3
1/6,1/6
1/3,1/6
0,0
36
4 38 17 39 21
4 17 41 5 39
4 41 1 29 5
4 1 9 8 29
4 9 12 10 8
4 12 35 30 10
4 22 31 35 12
4 23 22 12 9
4 45 23 9 1
4 19 45 1 41
4 36 19 41 17
4 25 36 17 38
4 28 13 36 25
4 13 2 19 36
4 2 15 45 19
4 15 16 23 45
4 16 27 22 23
4 27 3 31 22
4 7 44 3 27
4 20 7 27 16
4 43 20 16 15
4 11 43 15 2
4 26 11 2 13
4 37 26 13 28
4 24 46 26 37
4 46 47 11 26
4 47 14 43 11
4 14 40 20 43
4 40 34 7 20
4 34 0 44 7
4 4 33 0 34
4 42 4 34 40
4 18 42 40 14
4 32 18 14 47
4 6 32 47 46
4 48 6 46 24
0,1/6
1/6,1/6
0,1/6
0,1/6
1/6,0
0,0
1/6,0
1/6,0
0,0
0,1/6
1/6,0
0,0
1/6,1/6
1/6,1/6
1/6,1/6
1/6,1/6
0,1/6
1/6,1/6
1/6,0
0,0
0,0
0,0
1/6,0
0,0
0,1/6
0,0
1/6,0
1/6,1/6
0,1/6
1/6,0
0,0
0,0
0,0
0,0
1/6,1/6
0,1/6
1/6,0
0,0
0,1/6
1/6,0
0,1/6
0,1/6
0,0
1/6,0
0,0
1/6,0
1/6,1/6
0,1/6
0,0
