4
0,0
1,0
1,1
0,1
1
4 0 1 2 3
-428694551573740461289072847699385012074284781107268796012551832962845711898754046572591596777710240950156984297171857057145961358756895568861248748071196991531661519158084558865709211873476784795381454819216894414171505441861654333084295713862278718741970657382647343167638430269314553144939552306961,-625036656194513592559468211945703347604307210854397904586300572459829047948383399902838548101901531305328883105276567589318811661067553739399700674687805213653162494932487286826204030911529152231666161126418232055862054934234292017636903150811202371925793218463899826338416831332660618485321867263549137/2
-428694551573740461289072847699385012074284781107268796012551832962845711898754046572591596777710240950156984297171857057145961358756895568861248748071196991531661519158084558865709211873476784795381454819216894414171505441861654333084295713862278718741970657382647343167638430269314553144939552306960,-625036656194513592559468211945703347604307210854397904586300572459829047948383399902838548101901531305328883105276567589318811661067553739399700674687805213653162494932487286826204030911529152231666161126418232055862054934234292017636903150811202371925793218463899826338416831332660618485321867263549137/2
-428694551573740461289072847699385012074284781107268796012551832962845711898754046572591596777710240950156984297171857057145961358756895568861248748071196991531661519158084558865709211873476784795381454819216894414171505441861654333084295713862278718741970657382647343167638430269314553144939552306960,-625036656194513592559468211945703347604307210854397904586300572459829047948383399902838548101901531305328883105276567589318811661067553739399700674687805213653162494932487286826204030911529152231666161126418232055862054934234292017636903150811202371925793218463899826338416831332660618485321867263549139/2
-428694551573740461289072847699385012074284781107268796012551832962845711898754046572591596777710240950156984297171857057145961358756895568861248748071196991531661519158084558865709211873476784795381454819216894414171505441861654333084295713862278718741970657382647343167638430269314553144939552306961,-625036656194513592559468211945703347604307210854397904586300572459829047948383399902838548101901531305328883105276567589318811661067553739399700674687805213653162494932487286826204030911529152231666161126418232055862054934234292017636903150811202371925793218463899826338416831332660618485321867263549139/2
