10
1,14802282961060823157447061954456455217325/14802282961060823157447061954456455217326
473964725354164288292639914797866792672/473964725354164288292639914797866792673,1
0,1
1,1
1/14802282961060823157447061954456455217326,0
1,0
0,1/473964725354164288292639914797866792673
2/3,0
1,1/3
0,0
6
3 1 0 3
4 2 8 0 1
3 2 5 8
3 2 7 5
4 6 4 7 2
3 9 4 6
0,1/14802282961060823157447061954456455217326
1/473964725354164288292639914797866792673,0
1,0
26/6015888423620298337671311472401693086539105,116/859412631945756905381615924628813298077015
0,1/14802282961060823157447061954456455217326
-4/13,7/13
1/473964725354164288292639914797866792673,0
0,2/3
0,2/3
26/6015888423620298337671311472401693086539105,116/859412631945756905381615924628813298077015
